0: 1000000000000000 0111111111111111 1000000000000000 0000000000000000 0000000000000000 0000000000000000 0000000000000000 0000000001100100
1: 0000000000000000 0111111111111111 0000000010010110 0000000000000000 0000000000000000 0000000000000000 0000000000000000 0000000000000011
2: 0111111111111111 1111111111111110 0000000000000001 0000000000000000 0000000000000000 0000000000000000 0000000000000000 0000000000110010
3: 0111111111111111 1111111111111111 0000000000000001 0000000000000000 0000000000000000 0000000000000000 0000000000000000 0000000101011110
4: 0111111111111111 1111111111111110 0000000000000001 0000000010010110 0000000000000000 0000000000000000 0000000000000000 0000000000110010
5: 0100000000000000 1111111111111101 0000000000000001 0000000010010110 0000000000000000 0000000000000000 1111111111111111 1111111100000110
6: 0111111111111111 1111111111111110 0000000000000001 0000000000000000 0000000000000000 0000000000000000 0000000000000000 0000000000110010
7: 0111111111111111 1111111111111111 1111111111111111 1111111111111111 0000000000000000 0000000000000000 0000000000000000 0000000101011110
8: 0111111111111111 1111111111111110 0100000000000000 0000000000000001 0000000000000000 0000000000000000 0000000000000000 0000000000110010
9: 0111111111111111 1111111101101000 0000000000000001 0000000000000000 1111111111111111 1111111111111111 1111111111111111 1111111100000110
10: 0111111111111111 1111111111111101 1100000000000001 1111111111111111 0000000000000000 0000000000000000 0000000000000000 0000000000110010
11: 0000000000000000 0000011111111111 0000000000001001 0000000000000000 0000000000000000 0000000000000000 0000000000000000 0000000000000000
12: 0000000000000000 0111111111111101 0000000000000010 0000000000000000 0000000000000000 0000000000000000 0000000000000000 0000000010010110
13: 0000000000000000 0000000000001111 0000000000000100 0000000000000000 0000000000000000 0000000000000000 0000000000000000 0000000000000010
14: 1000000000000000 0111111111111111 0000000010010111 0000000000000000 0000000000000000 0000000000000000 0000000000000000 0000000001100111
15: 0000000000000000 0000000000000011 0000000000000000 0000000000000011 0000000000000000 0000000000000011 0000000000000000 0000000000000011
16: 0111111111111111 0111111111111111 0000000010010110 0000000000000000 0000000000000000 0000000000000000 0000000000000000 0000000001100100
17: 1000000000000000 0111111111111111 0000000000000001 0000000000000000 0000000000000000 0000000000000000 0000000000000000 0000000000000011
18: 0011111111111111 0000000000000001 0000000000000000 0000000000000000 0000000000000000 0000000000000000 0000000000000000 0000000100101100
19: 1111111111111111 0111111111111111 0000000010010111 0000000000000000 0000000000000000 0000000000000000 0000000000000000 0000000001100111
20: 0011111111111111 0000000000000001 0000000000000000 0000000000000000 0000000000000000 0000000000000000 0000000000000000 0010100000111100
21: 0000000000000000 0111111111111111 1111111101101010 0000000000000000 0000000000000000 0000000000000000 0000000000000000 0000000000000011
22: 1111111111111111 1000000000000000 1111111101101001 1111111111111111 1111111111111111 1111111111111111 1111111111111111 1111111111111100
23: 1111111101111111 1111111111111111 0000000000000001 0000000000000000 0000000000000000 0000000000000000 0111100000000000 0000000000000101
24: 0111111111111111 0111111111111111 1111111101101011 0000000000000000 0000000000000000 0000000000000000 0000000000000000 0000000000101111
25: 0111111111111111 1000000000000000 1111111101101011 0000000000000000 0000000000000000 0000000000000000 0000000000000000 0000000000101111
26: 0000000000000000 0000000000000000 0000000000000000 0000000000000000 0000000000000000 0000000000000000 0000000000000000 0000000000000000
27: 0000000000000000 0000000000000000 0000000000000000 0000000000000000 0000000000000000 0000000000000000 0000000000000000 0000000000000000
28: 0000000000000000 0000000000000000 0000000000000000 0000000000000000 0000000000000000 0000000000000000 0000000000000000 0000000000000000
29: 0000000000000000 0000000000000000 0000000000000000 0000000000000000 0000000000000000 0000000000000000 0000000000000000 0000000000000000
30: 0000000000000000 0000000000000000 0000000000000000 0000000000000000 0000000000000000 0000000000000000 0000000000000000 0000000000000000
31: 0000000000000000 0000000000000000 0000000000000000 0000000000000000 0000000000000000 0000000000000000 0000000000000000 0000000000000000
